chrom	start	end	zhr1_zhr	zhr2_zhr	zhr3_zhr	z301_z30	z302_z30	z303_z30	zhrz301_z30	zhrz301_zhr	zhrz302_z30	zhrz302_zhr	zhrz303_z30	zhrz303_zhr
chr2R	10043765	10044663	79	203	219	108	198	96	139	122	140	140	70	67
chr2R	10080752	10081195	19	69	82	26	43	27	47	51	35	40	20	31
chr2R	10134937	10135717	76	296	306	67	98	56	77	155	86	179	46	77
chr2R	10159319	10160281	123	435	436	260	364	217	328	328	347	324	150	115
chr2R	10212281	10213045	18	76	69	65	73	43	47	50	54	53	33	30
chr2R	10237694	10239061	215	732	794	234	339	201	277	421	255	435	109	189
chr2R	10391430	10391845	25	80	99	72	129	68	53	64	82	67	34	28
chr2R	10420704	10421636	129	460	441	130	206	133	150	251	174	260	84	122
chr2R	10428035	10428934	241	866	940	171	241	176	208	484	215	477	78	221
chr2R	10476995	10477996	43	141	167	77	117	94	84	89	97	85	47	36
chr2R	10537384	10538175	114	258	336	91	152	97	134	189	128	198	49	80
chr2R	10538468	10540029	88	283	301	184	257	174	172	174	207	179	102	62
chr2R	10560207	10560761	48	208	217	96	152	94	105	116	101	125	59	56
chr2R	10580558	10581323	86	313	345	218	306	218	252	203	280	200	124	76
chr2R	10674134	10676589	188	698	755	308	397	284	344	409	337	450	171	181
chr2R	10693205	10694494	69	214	240	73	137	81	104	144	109	135	32	64
chr2R	10769624	10769940	15	68	59	46	81	42	44	62	58	44	32	22
chr2R	10809131	10809562	25	104	110	31	35	35	40	48	38	54	12	28
chr2R	10813343	10813559	17	70	74	7	16	10	5	36	11	45	3	23
chr2R	10865880	10866106	15	58	63	46	72	34	49	38	44	50	14	19
chr2R	10872926	10873366	37	141	108	66	106	67	54	93	69	94	30	38
chr2R	10873679	10874052	45	171	147	61	94	48	71	92	77	85	27	35
chr2R	11135015	11135897	50	174	213	74	147	85	92	110	92	124	51	61
chr2R	11153693	11154109	24	86	88	42	89	56	49	51	49	48	25	31
chr2R	11184328	11185672	67	266	299	141	184	130	172	171	191	182	77	70
chr2R	11194102	11194768	43	152	162	37	64	28	46	103	47	90	15	44
chr2R	11383568	11383791	36	109	99	49	74	58	66	44	62	71	32	30
chr2R	11527704	11528385	47	144	140	61	103	77	89	86	87	76	36	56
chr2R	11541630	11542603	96	325	355	156	220	146	193	225	220	216	107	67
chr2R	11561459	11561799	66	225	215	109	163	107	139	140	163	161	68	56
chr2R	11606906	11608298	153	599	614	279	382	264	322	292	320	305	141	154
chr2R	11628029	11628453	14	73	81	52	72	36	42	51	43	52	20	24
chr2R	11633255	11634420	156	559	574	290	447	277	351	377	366	357	151	157
chr2R	11637475	11637802	42	126	116	31	43	31	27	70	41	75	13	30
chr2R	11647978	11648878	59	216	220	92	121	94	75	101	71	138	52	57
chr2R	11691324	11691701	19	41	37	30	38	33	33	20	26	24	15	15
chr2R	11755628	11755974	22	82	86	64	74	49	59	61	59	59	29	29
chr2R	11907419	11907856	16	52	57	20	44	18	25	38	27	38	19	15
chr2R	11953390	11953885	6	23	31	18	25	15	21	13	20	16	9	7
chr2R	11969544	11970293	24	108	113	77	88	58	60	63	80	74	43	28
chr2R	12014965	12016569	163	584	554	298	437	272	369	313	367	358	134	154
chr2R	12173020	12173549	23	71	81	34	61	26	32	45	27	38	26	24
chr2R	12226454	12226750	21	43	49	27	41	34	35	20	35	34	16	22
chr2R	12229346	12229626	18	54	51	36	25	30	26	26	27	18	18	18
chr2R	12248141	12248424	17	55	57	58	67	36	35	23	48	28	30	21
chr2R	12413969	12414896	26	119	109	44	73	44	49	64	43	65	23	38
chr2R	12457390	12458005	62	156	166	110	149	70	129	110	103	102	63	43
chr2R	12588845	12589688	21	108	111	38	53	21	43	53	49	42	9	22
chr2R	12594492	12594991	11	44	42	27	33	31	34	36	37	25	24	17
chr2R	12602215	12602811	40	127	137	108	151	96	111	83	128	99	56	40
chr2R	12633026	12633478	12	26	37	13	24	11	16	18	15	22	6	6
chr2R	12634569	12635418	44	113	117	52	65	30	44	66	67	72	31	37
chr2R	12635827	12636717	27	118	154	33	37	22	55	68	37	69	25	35
chr2R	12663223	12663468	8	51	45	19	39	21	12	27	26	26	12	12
chr2R	12716851	12717101	21	53	73	29	40	33	34	42	35	54	11	9
chr2R	12786672	12787180	12	40	40	24	37	19	33	38	26	31	8	16
chr2R	12942662	12943289	131	370	415	110	162	114	110	200	123	233	78	110
chr2R	12984813	12986547	94	301	338	175	247	165	211	187	207	186	105	88
chr2R	12989580	12989913	5	23	25	15	19	7	13	13	15	9	6	8
chr2R	13022934	13023678	83	270	275	133	180	136	181	142	204	172	58	66
chr2R	13041606	13042582	32	135	134	99	164	90	139	80	110	96	60	34
chr2R	13438617	13438987	27	105	103	50	84	46	53	62	61	45	38	34
chr2R	13450077	13450563	48	193	169	62	108	61	97	98	100	125	54	59
chr2R	13539777	13540120	79	238	249	94	115	71	109	136	89	144	43	60
chr2R	13561563	13561920	25	74	94	41	67	40	48	54	43	69	44	30
chr2R	13562864	13563408	71	205	222	45	83	50	53	114	62	112	37	72
chr2R	13564467	13564836	9	59	71	19	38	24	30	35	27	36	21	18
chr2R	13568936	13569306	31	103	87	38	59	45	56	69	60	66	17	43
chr2R	13587218	13587799	102	336	353	179	237	169	156	194	217	217	87	88
chr2R	13615559	13615967	8	52	38	15	29	18	17	27	24	24	6	16
chr2R	13749685	13750596	22	79	94	73	109	77	65	55	66	57	38	22
chr2R	13752333	13752642	12	59	56	44	47	29	44	40	44	51	16	22
chr2R	13753272	13753996	23	105	100	66	99	77	79	87	72	78	37	33
chr2R	13897704	13898044	35	85	106	53	111	60	83	81	68	54	39	31
chr2R	13924172	13925808	191	605	661	267	416	269	346	350	327	407	166	163
chr2R	13929181	13929552	22	101	101	12	17	14	13	45	16	53	9	28
chr2R	13955480	13955885	31	83	82	43	70	45	60	42	65	54	26	23
chr2R	13963838	13964347	19	57	76	34	58	34	40	41	57	43	15	16
chr2R	13965033	13965682	9	50	59	17	26	19	33	22	26	27	11	11
chr2R	13991856	13992970	36	165	157	76	117	70	89	99	91	86	27	43
chr2R	13993825	13994316	15	35	38	28	40	24	27	27	26	12	6	6
chr2R	14000921	14002153	63	195	235	135	186	106	157	120	155	124	89	75
chr2R	14008024	14008681	11	44	55	13	23	14	17	32	18	25	11	14
chr2R	14074271	14075932	175	541	591	364	570	351	407	313	379	324	177	136
chr2R	14110667	14110985	17	46	51	41	55	35	40	30	55	35	21	9
chr2R	14140252	14141755	175	675	662	262	385	270	320	363	334	393	130	172
chr2R	14221630	14222163	24	55	54	26	34	28	45	26	26	38	23	17
chr2R	14302674	14303031	31	110	115	56	92	54	83	69	81	68	40	37
chr2R	14334032	14334628	21	81	83	78	112	53	78	50	67	56	35	31
chr2R	14338437	14338732	14	21	29	8	28	19	16	17	17	18	9	6
chr2R	14420058	14420285	9	29	38	34	47	38	48	18	34	13	19	7
chr2R	14425615	14426450	31	139	121	70	105	68	73	77	80	73	46	36
chr2R	14429213	14429776	6	17	23	7	7	9	10	8	5	12	3	6
chr2R	14484586	14486087	118	447	472	235	357	252	274	294	338	260	123	130
chr2R	14490180	14490651	6	33	36	14	18	21	25	23	18	20	5	6
chr2R	14574161	14574581	15	23	39	22	42	26	25	18	33	28	9	15
chr2R	14604569	14605110	18	72	68	41	59	31	41	35	49	42	33	31
chr2R	14783125	14783468	17	70	57	25	27	20	16	30	17	28	7	15
chr2R	14807213	14808062	18	73	104	97	153	87	94	48	103	54	65	24
chr2R	14914368	14914762	24	57	58	13	26	16	15	46	20	37	11	9
chr2R	14917643	14917877	2	20	22	4	5	3	2	10	8	18	1	7
chr2R	14962046	14963390	208	770	807	238	386	226	264	444	303	421	151	193
chr2R	14964449	14965504	77	325	347	177	300	187	206	184	229	192	105	75
chr2R	14966165	14968441	82	307	320	86	119	101	122	179	115	195	70	80
chr2R	14975500	14976233	79	275	303	147	234	139	159	151	178	146	84	81
chr2R	14981795	14982871	26	78	78	52	61	41	54	37	67	51	28	16
chr2R	14986108	14987590	234	801	918	482	655	404	614	592	635	599	262	275
chr2R	15011200	15011454	72	262	283	134	147	124	128	140	141	156	57	60
chr2R	15014945	15015331	22	56	78	37	69	34	28	44	53	41	32	27
chr2R	15030560	15030810	5	24	31	27	49	24	30	8	32	12	8	6
chr2R	15033119	15034790	67	235	253	147	219	142	194	130	194	120	86	60
chr2R	15044062	15044465	42	193	202	32	45	25	31	89	36	91	22	47
chr2R	15053647	15054948	84	294	346	252	306	206	231	167	215	171	121	75
chr2R	15063994	15064404	12	32	52	32	32	21	19	26	21	17	15	14
chr2R	15109445	15109737	6	36	48	26	31	20	25	14	22	18	12	13
chr2R	15117533	15119299	99	403	452	339	499	294	374	246	375	231	183	113
chr2R	15127817	15129477	162	554	584	159	267	180	221	316	201	320	95	155
chr2R	15135034	15135679	47	173	177	67	92	71	80	99	79	87	34	46
chr2R	15252349	15252649	14	64	59	41	47	38	39	31	35	32	14	11
chr2R	15481042	15481768	12	44	46	44	82	52	46	30	49	21	32	15
chr2R	15508687	15509083	11	30	21	10	24	14	19	13	18	21	11	7
chr2R	15510326	15511433	53	221	208	237	329	175	233	132	260	138	118	69
chr2R	15513201	15514242	31	84	126	55	72	48	55	46	54	55	33	28
chr2R	15698516	15699383	45	123	159	55	76	47	70	59	56	74	36	30
chr2R	15735195	15735560	73	241	253	98	154	104	136	129	135	141	60	48
chr2R	15738225	15739192	40	134	139	76	100	66	62	72	88	75	50	47
chr2R	15817056	15819059	127	364	419	143	193	125	138	234	168	273	77	130
chr2R	15823776	15824014	10	22	24	14	19	16	15	16	9	17	7	6
chr2R	15886450	15886888	57	223	252	122	155	115	136	98	123	117	50	46
chr2R	15922029	15922481	22	90	99	40	56	48	44	38	49	36	26	26
chr2R	15929962	15930155	15	53	54	16	45	26	27	27	31	23	14	18
chr2R	16000250	16000842	21	86	62	28	50	40	36	32	42	47	26	11
chr2R	16017210	16017888	19	67	71	42	41	36	43	35	39	37	15	16
chr2R	16155818	16156656	37	167	174	44	62	54	64	105	55	89	28	46
chr2R	16218057	16218891	42	146	130	66	108	59	85	85	65	82	29	48
chr2R	16220815	16221943	95	346	354	166	262	131	159	202	171	198	103	83
chr2R	16310437	16310719	46	177	179	95	141	67	98	93	106	96	29	41
chr2R	16378937	16379333	15	31	42	31	47	37	31	24	38	17	13	19
chr2R	16386228	16387323	74	276	268	131	193	94	139	164	139	169	66	81
chr2R	16516061	16516446	42	139	166	35	35	37	32	96	22	90	13	38
chr2R	16576155	16576668	29	125	127	68	76	74	90	80	75	79	42	42
chr2R	16597042	16597765	18	85	94	59	69	41	78	44	52	51	25	21
chr2R	16662006	16662421	8	27	25	22	19	6	14	20	15	14	8	11
chr2R	16715890	16717245	102	416	423	150	253	152	213	252	189	266	109	106
chr2R	16717609	16717829	6	19	25	12	35	12	17	19	20	14	8	6
chr2R	16719627	16720108	29	88	111	60	100	53	69	63	70	55	28	33
chr2R	16724691	16725725	85	271	310	255	334	180	216	181	252	201	92	100
chr2R	17255656	17255902	11	57	65	48	69	45	27	33	53	46	22	31
chr2R	17261478	17263289	405	1461	1559	598	878	540	707	931	747	909	302	376
chr2R	17634326	17634897	11	39	56	21	43	16	34	30	22	20	9	12
chr2R	17635052	17635547	7	50	53	31	50	23	20	40	36	28	15	25
chr2R	17761046	17761662	81	238	273	102	148	88	89	101	110	120	68	74
chr2R	17806251	17806577	8	38	54	17	31	13	20	29	21	19	9	9
chr2R	17806824	17807523	18	78	78	38	45	48	42	40	46	41	23	17
chr2R	17819364	17820090	48	193	191	75	115	68	89	113	76	120	50	50
chr2R	17881101	17881284	8	31	33	31	53	32	27	25	31	27	23	10
chr2R	17985123	17985544	7	14	28	23	42	30	23	7	18	13	9	5
chr2R	18067500	18067977	31	78	69	62	90	47	43	56	46	47	34	25
chr2R	18151408	18151703	42	96	123	51	62	46	63	39	54	59	38	30
chr2R	18242041	18242435	29	110	109	64	101	57	81	69	87	59	28	22
chr2R	18256283	18256991	88	274	314	108	180	116	130	145	141	172	72	79
chr2R	18268721	18270247	84	309	350	158	209	127	192	152	170	194	86	92
chr2R	18413968	18414405	12	51	55	30	40	24	24	26	23	19	14	11
chr2R	18503259	18504197	17	58	65	20	46	34	34	31	43	33	10	16
chr2R	18530404	18530959	46	172	173	116	134	99	112	90	114	88	75	56
chr2R	18604355	18604612	20	40	51	27	43	35	22	23	34	30	26	20
chr2R	18644434	18645255	59	263	291	179	264	168	211	151	219	168	98	73
chr2R	18799304	18799594	51	141	138	75	123	78	79	78	101	69	41	40
chr2R	18806129	18806756	66	202	227	100	158	104	164	143	136	127	63	68
chr2R	18834965	18835638	16	63	80	141	179	132	119	52	104	41	58	22
chr2R	18877551	18878682	70	228	245	121	166	109	143	128	147	143	73	53
chr2R	18878867	18879835	39	154	152	66	99	67	95	75	89	92	40	60
chr2R	18889108	18889354	17	65	67	14	27	17	19	32	28	39	6	16
chr2R	19080846	19081105	15	45	41	32	44	31	34	30	37	28	15	12
chr2R	19141520	19143605	121	371	389	201	289	192	246	234	220	223	133	102
chr2R	19228791	19229132	16	57	54	35	37	18	23	32	23	30	14	15
chr2R	19232219	19232420	16	43	53	18	35	15	25	32	37	33	8	16
chr2R	19424952	19425601	27	77	99	45	76	34	42	55	55	59	29	21
chr2R	19431237	19431554	35	119	89	53	100	56	51	49	57	75	40	28
chr2R	19578440	19579343	271	989	1083	626	733	529	689	678	736	731	291	297
chr2R	19616425	19617048	12	45	53	25	37	13	12	25	21	23	5	7
chr2R	19617472	19617835	32	142	163	102	110	67	87	85	77	94	44	42
chr2R	19646855	19648252	92	306	365	195	246	162	194	175	206	201	113	95
chr2R	19663343	19663624	13	63	57	37	61	29	39	38	36	22	25	11
chr2R	19704696	19705038	7	38	37	31	41	24	25	18	16	26	9	15
chr2R	19835809	19836179	14	55	60	29	57	33	35	23	43	32	12	15
chr2R	19903472	19903998	12	62	64	29	39	24	26	33	45	32	24	10
chr2R	19968278	19968823	36	98	95	49	89	52	69	56	75	72	33	37
chr2R	19981482	19982134	33	161	156	69	129	75	75	75	79	85	34	46
chr2R	19998617	19998919	8	29	41	10	19	17	13	19	8	10	6	8
chr2R	20041154	20041366	18	58	68	33	46	35	30	37	36	46	21	23
chr2R	20060262	20060679	43	102	103	77	110	58	82	69	69	61	39	38
chr2R	20078870	20079229	22	68	72	40	66	47	49	39	40	40	29	19
chr2R	20141188	20141453	15	30	28	29	60	35	28	19	35	21	17	14
chr2R	20306202	20306746	53	151	139	52	109	71	77	76	76	86	59	42
chr2R	20603727	20603911	6	8	24	9	7	4	7	13	5	6	2	7
chr2R	20631958	20632447	36	124	138	44	63	55	63	63	59	72	23	33
chr2R	20632809	20633432	45	125	113	50	81	55	57	59	68	64	38	36
chr2R	20851158	20851402	15	49	52	22	47	40	48	33	39	37	31	19
chr2R	20913831	20914710	136	415	441	200	279	189	263	283	242	297	117	130
chr2R	20916244	20916758	39	127	137	52	93	52	55	79	73	75	22	33
chr2R	20921890	20922148	11	44	50	26	46	29	30	17	21	33	20	16
chr2R	20961435	20961758	37	126	104	90	120	87	74	65	71	81	39	38
chr2R	20974421	20974767	31	57	60	58	65	37	42	39	48	47	24	26
chr2R	20996243	20996576	11	34	28	14	22	10	20	23	15	16	11	13
chr2R	21036769	21036963	19	43	52	49	64	44	36	30	47	25	23	12
chr2R	21038503	21038775	13	69	77	37	54	34	34	36	29	39	25	23
chr2R	21047539	21048484	167	623	606	237	342	227	282	363	287	351	134	151
chr2R	21057189	21057787	56	246	287	121	193	118	137	130	141	153	76	81
chr2R	21068131	21068598	77	180	172	72	130	73	116	103	99	102	47	88
chr2R	21075271	21076561	108	400	425	289	365	251	313	242	337	248	126	109
chr2R	21140166	21140904	61	194	217	159	202	121	164	114	164	92	54	52
chr2R	21141770	21142324	66	199	207	93	130	89	119	121	122	126	51	52
chr2R	21146209	21146426	24	63	80	31	58	33	35	48	37	39	25	30
chr2R	21362388	21363062	26	125	119	69	100	65	58	57	77	72	37	31
chr2R	21523424	21525228	110	418	430	167	293	170	247	273	267	242	85	102
chr2R	21541008	21543268	305	996	1031	584	818	556	671	639	709	680	283	239
chr2R	21546002	21547404	81	247	268	189	259	152	208	140	197	136	92	55
chr2R	21549908	21550763	22	65	77	35	62	30	41	34	46	39	22	17
chr2R	21579672	21580146	51	156	167	57	99	75	84	90	83	90	37	45
chr2R	21805670	21806514	26	69	77	61	83	53	36	35	51	47	21	21
chr2R	21866470	21866679	5	13	25	10	21	7	8	11	11	17	6	9
chr2R	21871651	21872075	116	387	378	167	264	169	196	204	237	222	84	94
chr2R	22049323	22049555	10	33	25	22	48	40	32	8	31	20	18	6
chr2R	22150518	22151055	24	89	89	24	57	31	35	72	45	44	22	18
chr2R	22151813	22152006	17	39	45	30	51	25	37	23	36	25	7	10
chr2R	22155644	22155846	15	28	35	13	30	19	20	14	16	20	9	6
chr2R	22241665	22242517	8	43	36	13	26	16	25	12	26	22	13	8
chr2R	22307030	22308321	36	134	137	50	79	46	65	66	52	67	23	29
chr2R	22308704	22308928	12	34	40	15	24	20	30	18	15	18	14	18
chr2R	22316229	22319594	236	832	901	431	670	381	549	484	563	481	231	240
chr2R	22321633	22322196	31	97	97	46	64	35	41	44	52	43	34	15
chr2R	22383088	22383838	25	79	79	34	59	28	35	55	40	53	31	19
chr2R	22426735	22427071	8	33	29	20	32	20	23	21	18	15	6	7
chr2R	22539229	22539498	10	60	75	59	74	46	65	63	59	48	21	24
chr2R	22545903	22546279	46	155	161	66	93	61	89	94	73	89	35	39
chr2R	22570822	22571083	12	32	50	22	29	25	23	18	21	20	21	10
chr2R	22644023	22645069	23	65	74	26	40	28	32	30	22	40	16	23
chr2R	22648219	22648540	68	171	189	24	43	33	30	99	38	87	15	44
chr2R	22653793	22654122	18	108	88	38	77	50	55	37	43	64	32	40
chr2R	22689392	22691201	187	700	760	267	367	224	303	382	299	374	120	155
chr2R	22728722	22730157	201	599	667	280	441	260	333	389	339	405	177	179
chr2R	22901392	22901846	51	197	196	78	133	83	84	104	86	116	41	66
chr2R	22933719	22934537	32	117	114	63	94	64	71	66	80	67	30	24
chr2R	23041406	23041744	22	36	46	30	36	21	30	19	18	36	21	21
chr2R	23203436	23204811	125	367	419	246	383	238	318	225	320	221	168	135
chr2R	23239996	23241017	121	415	424	119	183	112	146	239	120	251	77	125
chr2R	23425867	23426597	62	345	367	180	254	171	179	177	191	190	71	67
chr2R	23479909	23480481	37	101	104	75	97	61	62	65	51	52	45	48
chr2R	23546717	23547201	25	78	91	58	93	50	73	54	63	43	47	35
chr2R	23632053	23632828	30	104	99	42	42	35	35	52	43	56	21	24
chr2R	23721912	23722842	154	487	514	204	336	191	235	292	268	272	115	133
chr2R	23817821	23818358	45	195	230	54	64	53	67	134	55	120	21	68
chr2R	23840054	23840463	77	227	265	34	53	30	36	150	36	140	26	83
chr2R	24016765	24017328	37	78	93	46	91	32	45	46	50	33	23	23
chr2R	24063425	24064090	16	53	65	30	49	38	30	28	32	29	21	16
chr2R	24185983	24187013	33	110	120	36	47	38	42	49	45	64	32	25
chr2R	24305629	24306696	31	111	112	62	96	73	70	62	73	63	32	27
chr2R	24306935	24307879	80	258	253	154	212	124	159	137	165	160	81	88
chr2R	24313708	24314286	39	114	84	86	119	65	85	66	89	62	43	33
chr2R	24369198	24370554	226	699	704	401	567	377	460	439	477	445	199	206
chr2R	24540623	24541452	25	87	91	36	66	43	43	43	52	47	24	15
chr2R	24547839	24548155	7	21	29	13	31	12	20	19	10	15	15	8
chr2R	24580139	24581576	87	248	263	95	143	75	131	165	138	128	52	68
chr2R	24582027	24583154	112	343	331	140	230	140	170	194	171	195	84	94
chr2R	24684074	24684579	8	24	26	24	39	22	28	20	33	21	12	16
chr2R	24685042	24685547	4	12	7	71	107	67	75	6	86	7	32	3
chr2R	24760134	24760716	30	115	113	39	56	41	57	55	50	64	29	22
chr2R	24780313	24780843	7	49	34	31	29	12	21	40	19	24	10	14
chr2R	24787422	24787905	24	84	91	41	83	45	42	55	64	60	26	20
chr2R	24791204	24791670	16	56	45	12	25	21	31	24	18	20	15	11
chr2R	24793598	24794029	26	127	115	67	92	74	77	58	95	61	30	30
chr2R	24927641	24928610	19	69	76	25	45	26	41	32	36	29	22	29
chr2R	24943113	24943487	18	37	54	20	18	21	22	14	24	19	9	8
chr2R	24983348	24984196	12	63	54	21	39	20	32	38	39	44	13	15
chr2R	24984723	24985248	5	20	28	8	20	12	22	15	10	11	6	7
chr2R	25007649	25008184	31	95	104	125	137	93	130	60	150	58	50	27
chr2R	25009147	25009604	15	44	43	23	25	17	21	25	35	31	6	11
chr2R	25013092	25013657	14	45	71	29	44	25	29	24	27	30	17	18
chr2R	25024555	25025013	8	31	39	23	30	18	20	17	15	19	9	4
chr2R	25052262	25052730	38	84	83	55	55	41	53	47	46	48	23	25
chr2R	25109469	25109908	37	122	118	96	141	101	135	62	141	60	63	35
chr2R	25249027	25249521	17	76	83	61	87	54	58	44	52	35	33	24
chr3L	140804	141170	7	56	72	31	42	20	21	29	42	34	15	10
chr3L	270284	271846	31	104	117	57	78	39	56	51	54	55	24	25
chr3L	284121	284427	20	88	69	42	63	33	42	42	50	42	32	31
chr3L	296633	297387	37	101	128	64	105	64	82	66	72	74	28	37
chr3L	377751	378197	102	335	347	166	220	157	214	207	209	192	90	80
chr3L	387508	387986	37	107	119	29	54	40	44	65	41	64	26	33
chr3L	437531	438087	42	151	155	39	78	38	51	92	45	80	34	55
chr3L	488085	488504	69	240	256	107	135	93	111	148	133	194	44	67
chr3L	506582	506977	21	81	68	17	16	12	24	48	11	48	5	20
chr3L	545611	546877	69	221	261	137	168	110	132	122	127	119	69	66
chr3L	550490	551122	39	145	149	75	102	69	60	77	68	87	26	40
chr3L	608251	609429	125	420	402	155	220	137	168	257	193	215	83	111
chr3L	616401	616870	33	110	122	54	47	43	55	68	45	76	19	27
chr3L	622703	623168	38	121	130	57	67	50	62	68	67	60	17	27
chr3L	895197	895516	19	62	56	17	55	25	38	36	28	37	20	12
chr3L	899394	899686	23	69	79	25	37	27	34	51	37	45	15	22
chr3L	1256046	1256898	145	518	514	249	404	244	291	323	385	308	125	148
chr3L	1265327	1266048	33	136	129	90	131	79	115	61	109	71	52	32
chr3L	1268066	1268307	13	55	61	10	14	11	5	29	3	33	3	17
chr3L	1312782	1313234	38	144	139	104	174	127	120	87	157	76	71	55
chr3L	1364132	1364959	102	373	406	145	208	131	187	276	178	277	83	114
chr3L	1366784	1367014	53	147	182	61	74	56	76	82	69	77	29	41
chr3L	1383108	1383334	17	47	64	35	53	33	46	36	53	46	21	16
chr3L	1457606	1457999	23	79	52	28	52	23	45	48	30	29	15	23
chr3L	5351241	5351462	46	126	141	87	111	77	66	71	71	75	26	43
chr3L	5385476	5385839	24	80	69	38	61	39	41	49	49	45	26	17
chr3L	5522948	5523402	49	103	129	83	127	74	76	61	69	98	39	52
chr3L	5551290	5551528	7	17	31	15	18	13	17	21	13	13	7	5
chr3L	5554437	5554848	8	43	51	33	32	25	22	29	33	33	20	15
chr3L	5611029	5611295	17	61	78	58	84	43	66	39	52	45	27	25
chr3L	5633009	5634215	82	257	320	131	199	118	174	134	191	169	69	65
chr3L	5946943	5947324	25	73	99	34	68	35	31	53	34	65	18	35
chr3L	5948190	5949099	85	306	313	154	207	136	160	186	162	171	67	86
chr3L	5950545	5951047	30	116	116	54	102	67	93	57	75	62	43	34
chr3L	6065846	6066218	22	108	120	57	78	49	48	70	64	64	22	28
chr3L	6126201	6126965	47	118	123	94	115	72	80	90	69	88	52	48
chr3L	6156535	6156877	23	70	76	51	60	36	24	44	35	37	26	28
chr3L	6216387	6217124	21	94	82	45	72	50	47	51	49	51	30	25
chr3L	7531065	7531248	8	32	50	54	51	39	48	28	39	33	27	10
chr3L	7563676	7564351	20	53	68	71	83	56	51	50	46	39	25	20
chr3L	7568372	7568709	8	25	30	15	25	21	17	15	22	13	7	15
chr3L	7569072	7569568	12	44	46	32	60	41	28	30	37	36	25	10
chr3L	7610332	7611265	62	153	164	41	44	35	68	101	46	100	23	49
chr3L	7654288	7654770	12	64	60	20	44	24	19	25	28	20	18	18
chr3L	7719185	7719581	52	203	192	94	142	96	109	113	108	118	49	56
chr3L	7727474	7727823	24	85	72	51	74	44	53	40	78	42	33	17
chr3L	7738995	7739299	15	62	66	46	68	36	39	46	52	73	21	15
chr3L	7740858	7741674	46	166	168	108	182	91	105	127	103	115	76	49
chr3L	7743753	7743965	32	124	139	86	115	66	81	89	83	83	46	39
chr3L	7813529	7813944	42	106	109	36	90	48	66	92	63	85	37	42
chr3L	7855253	7856571	85	272	280	158	228	155	130	162	149	163	68	104
chr3L	7890283	7890488	17	46	38	9	29	19	13	19	28	18	14	12
chr3L	7983508	7984341	47	190	181	93	127	77	115	88	101	96	59	46
chr3L	8013010	8013992	126	409	465	223	353	202	223	232	234	242	97	107
chr3L	8016759	8017395	26	62	78	47	64	43	37	36	41	57	23	29
chr3L	8050626	8051005	18	30	40	31	35	15	21	31	20	19	16	10
chr3L	8055879	8058936	200	728	811	306	445	289	347	456	389	460	179	228
chr3L	8069514	8069945	45	88	114	55	78	49	48	66	68	57	37	48
chr3L	8073085	8073411	46	173	164	100	139	89	115	101	96	95	60	45
chr3L	8076347	8076848	31	83	90	51	76	46	54	58	57	63	27	35
chr3L	8078959	8079163	21	78	91	54	63	44	67	47	50	57	23	24
chr3L	8080263	8080650	16	60	59	26	40	32	27	33	27	25	19	23
chr3L	8081532	8081915	40	106	114	46	48	23	40	57	43	55	23	36
chr3L	8082867	8083696	65	205	256	98	129	86	87	134	102	148	51	81
chr3L	8151601	8152608	189	675	675	331	472	294	361	407	388	405	155	140
chr3L	8155986	8157233	78	218	237	76	147	88	112	122	111	137	43	68
chr3L	8360156	8361582	117	342	375	147	203	120	174	216	196	242	87	109
chr3L	8368605	8369451	67	279	251	123	195	123	154	149	158	152	66	86
chr3L	8493976	8494240	11	55	59	21	27	24	29	35	28	35	7	21
chr3L	8521088	8521832	64	217	211	51	71	52	74	114	79	111	42	65
chr3L	8524598	8525211	12	38	46	22	24	23	33	30	22	29	18	7
chr3L	8643594	8645192	132	556	573	216	343	231	263	315	263	287	123	144
chr3L	8819145	8820430	70	236	236	75	143	82	111	138	98	143	49	66
chr3L	8824701	8825653	13	73	63	19	38	29	28	31	27	46	19	15
chr3L	8839977	8840942	105	328	359	149	214	128	211	222	208	263	66	84
chr3L	8862378	8862780	49	140	145	78	123	60	79	96	89	85	47	70
chr3L	8914011	8914303	18	72	97	87	133	55	91	39	78	52	57	33
chr3L	9004468	9005078	53	215	274	93	155	77	143	154	153	152	66	62
chr3L	9007442	9008051	36	120	131	35	47	31	53	71	60	62	18	29
chr3L	9040928	9041733	92	368	394	144	199	131	190	252	197	247	80	102
chr3L	9056207	9057188	88	379	410	228	375	221	331	274	308	263	133	115
chr3L	9134485	9134907	20	87	96	38	75	37	54	41	42	44	20	24
chr3L	10236145	10236792	45	187	184	122	181	97	111	88	118	104	47	48
chr3L	10283546	10283952	29	96	109	58	102	51	62	66	82	63	36	38
chr3L	10343204	10343821	42	141	125	108	160	83	130	82	123	87	59	52
chr3L	10663347	10663890	23	52	61	30	39	25	37	39	33	42	17	13
chr3L	10664087	10664318	9	16	33	16	21	9	19	15	19	14	10	3
chr3L	10679688	10680052	10	47	44	20	41	21	26	28	16	20	19	10
chr3L	10683688	10684013	34	76	123	44	53	40	48	57	64	48	25	35
chr3L	10696784	10697531	110	420	452	202	223	160	253	258	211	246	98	99
chr3L	10697780	10698876	144	609	696	143	207	142	171	353	178	439	84	191
chr3L	10708711	10709233	39	149	174	73	104	64	70	78	81	93	38	39
chr3L	10738923	10741044	437	1399	1402	513	711	476	574	879	641	872	202	316
chr3L	10743762	10744164	15	70	89	35	55	36	37	52	37	40	19	28
chr3L	10771827	10772567	41	114	125	54	94	47	66	60	70	51	32	33
chr3L	10773031	10773202	7	48	43	15	34	21	29	24	28	28	19	13
chr3L	10863296	10863616	32	85	90	55	70	36	61	45	63	44	28	24
chr3L	11052403	11052801	26	85	104	48	63	43	41	38	44	43	25	33
chr3L	11210623	11211008	50	142	175	75	124	60	64	86	112	110	44	47
chr3L	11256167	11256919	53	234	250	60	86	52	79	124	76	148	41	73
chr3L	11327867	11329533	210	653	734	236	369	224	302	388	305	425	126	178
chr3L	11342454	11343118	48	145	140	35	63	28	51	77	59	93	32	48
chr3L	11366632	11367078	41	129	138	89	116	81	93	80	96	79	35	35
chr3L	11586736	11588222	61	253	241	152	251	162	174	122	187	144	93	62
chr3L	11632846	11633635	51	179	148	151	220	127	151	124	145	107	72	52
chr3L	11635606	11636119	31	135	158	67	110	68	59	79	69	88	30	44
chr3L	11878616	11878867	15	17	32	15	26	15	17	24	18	18	9	10
chr3L	12014036	12014605	61	213	248	102	177	115	134	140	168	128	63	53
chr3L	12028572	12028964	37	114	119	65	59	56	52	62	62	68	27	36
chr3L	12056178	12056759	57	218	226	97	167	89	149	128	144	125	69	50
chr3L	12109877	12111663	179	571	596	134	205	142	156	333	163	407	103	166
chr3L	12113343	12113779	43	129	126	116	175	94	131	54	116	73	58	27
chr3L	12115119	12115718	56	289	311	191	279	178	212	163	211	162	106	74
chr3L	12231428	12231649	37	127	102	27	60	38	23	75	28	92	19	49
chr3L	12264920	12266376	74	266	258	102	147	94	132	163	119	171	62	76
chr3L	12379130	12379699	27	112	112	23	57	32	40	71	50	72	29	45
chr3L	12391408	12392575	44	126	177	70	105	66	78	82	79	72	31	39
chr3L	12407135	12408341	96	360	343	98	169	121	109	166	119	178	64	103
chr3L	12467752	12468631	123	348	403	185	265	172	223	250	250	234	131	105
chr3L	12495068	12495686	28	175	174	97	112	73	81	85	76	90	31	51
chr3L	12550891	12551141	18	46	33	27	27	19	22	17	21	20	18	18
chr3L	12571391	12571749	52	147	186	49	94	69	89	89	93	83	51	54
chr3L	12579943	12580694	33	144	150	52	91	62	79	63	69	71	26	37
chr3L	12609276	12609975	103	344	322	184	295	188	219	180	223	202	124	88
chr3L	12692641	12693559	225	664	737	386	493	329	468	430	444	467	180	171
chr3L	12695311	12695671	26	65	71	48	76	55	64	33	59	41	30	25
chr3L	12703114	12703450	8	31	40	17	33	23	24	25	13	26	9	15
chr3L	12730662	12731218	18	79	81	45	60	29	52	57	53	51	28	30
chr3L	12800503	12800937	14	48	66	22	42	29	31	21	19	35	15	16
chr3L	12802904	12803097	15	77	82	26	37	21	23	43	27	54	8	30
chr3L	12863338	12863570	40	117	117	80	127	72	81	66	69	59	57	47
chr3L	12955629	12956035	13	29	40	24	30	18	16	17	22	28	9	22
chr3L	13076283	13076645	26	135	138	55	108	65	58	85	55	79	30	34
chr3L	13113849	13114163	126	353	381	148	230	145	179	272	189	224	69	96
chr3L	13182143	13182746	24	98	101	43	56	24	38	48	51	44	25	32
chr3L	13259442	13259827	13	68	67	24	67	37	30	46	39	53	28	27
chr3L	14205013	14205481	38	143	140	99	119	98	106	98	113	94	55	29
chr3L	14430903	14431555	21	44	57	33	45	46	35	31	36	30	23	24
chr3L	14476350	14478185	208	673	697	473	664	395	531	493	581	528	207	165
chr3L	14515406	14515607	7	17	21	6	17	15	15	18	7	15	8	5
chr3L	14522844	14523227	43	152	145	75	144	81	65	74	87	83	48	47
chr3L	14550714	14551572	18	67	71	22	44	25	21	40	16	37	10	14
chr3L	14552732	14553075	15	48	39	21	42	22	20	23	25	25	14	16
chr3L	14674901	14676177	87	244	282	135	204	134	158	159	148	157	80	94
chr3L	14706419	14706804	10	70	57	52	77	62	61	39	49	33	31	27
chr3L	14843534	14844187	10	81	85	78	94	73	72	34	73	48	32	16
chr3L	14967199	14967790	15	41	45	13	25	20	18	18	23	23	17	4
chr3L	15006628	15006921	8	31	35	20	27	20	30	22	24	21	11	10
chr3L	15023462	15023838	21	48	50	28	39	24	43	29	25	34	12	22
chr3L	15093583	15093993	14	32	42	17	25	13	22	29	24	22	5	4
chr3L	15141332	15141848	13	24	43	12	19	8	17	15	8	17	10	10
chr3L	15212116	15213015	15	50	46	24	33	21	31	33	23	26	12	8
chr3L	15695088	15695452	12	73	68	14	19	15	17	48	9	36	3	18
chr3L	15847129	15847840	15	63	73	11	21	13	21	24	16	40	5	17
chr3L	15958464	15958951	31	87	109	58	82	45	74	81	71	63	33	15
chr3L	16048124	16049655	103	353	358	109	177	92	119	183	144	207	79	95
chr3L	16179517	16180533	47	154	186	62	115	53	72	91	84	76	32	43
chr3L	16280115	16280323	41	117	112	67	80	59	63	65	90	58	35	22
chr3L	16340011	16340285	12	51	47	15	23	12	17	34	14	29	9	11
chr3L	16451791	16452480	85	299	298	127	196	114	108	159	107	151	45	73
chr3L	16476710	16477735	31	136	123	78	107	70	94	63	87	68	54	39
chr3L	16488310	16490295	139	543	586	193	243	188	231	328	251	325	85	119
chr3L	16494510	16495342	86	359	379	159	232	119	144	175	169	175	77	81
chr3L	16504052	16504253	24	74	62	34	60	53	35	36	45	41	32	29
chr3L	16638977	16639426	31	110	106	51	72	38	49	46	39	77	24	23
chr3L	16640090	16640390	12	46	45	29	35	17	25	23	30	26	14	8
chr3L	16710257	16711863	75	208	249	82	103	79	101	120	115	114	42	71
chr3L	16801455	16802062	8	26	37	18	26	17	18	17	21	18	14	14
chr3L	16865247	16866497	191	667	745	343	481	288	350	496	416	461	164	212
chr3L	16958087	16958541	18	88	96	54	72	56	54	57	67	52	35	36
chr3L	16972636	16973066	30	70	72	34	61	29	28	32	39	50	27	29
chr3L	16974270	16974536	1	3	6	33	53	31	34	1	48	2	22	0
chr3L	16974608	16976118	179	605	642	375	569	334	420	393	420	376	206	160
chr3L	16986388	16987322	36	132	143	96	154	102	113	93	133	90	66	35
chr3L	17378548	17379886	87	263	317	141	193	131	181	166	183	175	65	72
chr3L	17392305	17392624	14	53	55	37	37	28	33	40	43	32	11	14
chr3L	17419256	17419832	20	127	97	31	64	32	52	47	51	59	29	22
chr3L	17420577	17421775	115	384	410	203	265	193	234	229	257	258	102	95
chr3L	17534066	17534697	20	58	60	31	39	38	29	30	45	36	15	24
chr3L	17583063	17583293	3	22	27	6	20	8	8	14	12	11	7	5
chr3L	17610132	17610466	21	47	58	36	53	33	20	30	36	27	19	16
chr3L	17621522	17621751	15	83	80	52	53	34	39	39	59	44	26	28
chr3L	17643965	17645274	74	264	263	107	157	115	131	165	147	163	48	67
chr3L	17888156	17888588	9	12	25	8	16	12	17	15	16	19	11	11
chr3L	17895046	17896205	23	104	112	22	31	20	17	65	17	63	9	26
chr3L	17964967	17966043	41	168	147	79	98	70	92	96	75	79	43	49
chr3L	18006859	18008370	44	108	135	43	54	34	52	66	63	58	16	21
chr3L	18018836	18019863	18	61	53	17	30	19	27	32	29	43	18	18
chr3L	18102259	18102648	19	52	69	20	35	22	36	41	25	26	14	18
chr3L	18213633	18214382	32	118	145	78	99	64	70	73	63	65	43	27
chr3L	18240382	18241234	35	121	115	10	28	18	19	81	22	72	11	41
chr3R	9220973	9221294	16	83	95	25	37	28	33	60	24	58	10	32
chr3R	9229710	9230192	8	21	28	10	11	9	6	13	8	16	1	5
chr3R	9346822	9347406	8	25	40	4	13	9	10	16	8	10	7	4
chr3R	9376828	9377432	9	31	31	14	19	18	13	22	20	14	8	5
chr3R	9393388	9394722	14	36	39	16	20	17	21	17	25	32	17	12
chr3R	9534518	9535132	18	55	53	24	40	28	32	31	36	34	16	17
chr3R	9590793	9591779	52	163	178	53	103	66	65	94	81	100	32	45
chr3R	9870674	9870941	7	14	26	5	17	11	8	12	9	18	10	11
chr3R	10084086	10084641	21	79	97	60	60	48	56	70	67	59	21	28
chr3R	10086954	10087611	32	102	123	29	52	26	36	70	45	75	15	25
chr3R	10474128	10474749	18	43	39	23	38	21	27	24	41	20	13	17
chr3R	10834431	10835561	11	52	42	18	11	18	15	28	13	23	8	10
chr3R	11013060	11013344	2	9	21	7	21	10	6	12	9	11	3	6
chr3R	11449586	11450186	11	43	40	37	40	24	27	27	27	23	11	6
chr3R	11557393	11558165	13	37	53	20	31	20	22	25	19	22	10	12
chr3R	11655209	11656101	14	57	59	20	33	17	28	20	28	29	12	10
chr3R	11657021	11658578	19	76	65	22	54	28	39	33	38	40	17	17
chr3R	11694625	11695041	17	73	78	29	46	19	37	45	41	42	17	21
chr3R	11759422	11761537	15	109	83	31	49	28	28	42	27	54	13	23
chr3R	11777891	11779379	72	282	278	118	153	117	131	179	140	173	80	74
chr3R	11941107	11941304	13	43	51	23	23	16	26	25	22	28	9	7
chr3R	13716433	13716815	28	119	115	20	18	18	23	58	19	69	7	35
chr3R	13905898	13906076	7	10	31	13	23	12	10	17	13	18	9	5
chr3R	14008702	14008882	4	31	21	1	3	5	5	15	4	12	1	7
chr3R	14653154	14653688	15	62	59	25	22	21	20	27	18	32	9	15
chr3R	14656000	14656641	38	137	131	21	51	34	33	70	41	85	17	33
chr3R	15091589	15092765	58	233	186	67	91	76	66	126	70	123	36	59
chr3R	15112622	15113079	8	33	26	18	28	17	12	21	18	13	11	7
chr3R	15205542	15205928	10	54	51	22	34	35	30	32	36	29	13	18
chr3R	15437439	15438152	72	225	262	71	111	63	87	123	75	123	34	56
chr3R	15464139	15464947	42	134	157	55	76	54	59	71	76	95	21	39
chr3R	15555136	15555597	8	33	30	17	17	17	19	21	13	6	6	16
chr3R	15806886	15807527	14	48	52	12	21	14	23	21	19	23	6	13
chr3R	15919454	15921318	22	82	78	27	42	24	22	42	28	30	10	17
chr3R	16025598	16026630	80	242	233	126	165	133	179	162	190	156	55	58
chr3R	16037986	16038429	5	37	48	18	19	11	21	21	27	23	5	20
chr3R	16231230	16232658	122	348	382	177	290	182	235	209	236	226	95	95
chr3R	16236716	16237545	36	180	186	51	67	56	66	82	61	84	26	31
chr3R	16315859	16317339	63	210	245	66	105	79	97	145	81	135	39	71
chr3R	16357037	16357426	43	104	123	35	57	46	42	64	49	46	38	34
chr3R	16403549	16404102	23	116	90	33	67	39	46	55	47	62	25	21
chr3R	16655626	16656011	16	68	80	23	32	25	23	34	31	44	10	21
chr3R	16781807	16782671	12	32	36	21	39	22	27	19	37	14	11	10
chr3R	16797757	16799098	103	305	350	63	97	69	90	220	89	250	34	128
chr3R	16892267	16892549	11	38	41	16	36	21	34	29	21	30	9	22
chr3R	16957446	16958276	2	22	19	34	46	37	43	22	37	15	14	5
chr3R	17110637	17111220	37	83	77	30	58	36	36	38	35	44	23	28
chr3R	17117225	17118317	14	64	63	20	36	20	20	45	23	25	8	26
chr3R	17205322	17205515	16	56	58	22	49	23	32	39	33	42	13	28
chr3R	17255000	17255189	10	39	26	19	21	33	17	18	22	22	12	12
chr3R	17430597	17431226	33	101	85	41	67	37	32	48	40	46	25	39
chr3R	17611496	17611728	13	43	39	22	27	36	23	21	25	19	13	16
chr3R	18294112	18294307	10	33	43	32	62	40	48	17	41	24	19	12
chr3R	18398244	18399432	18	78	84	30	40	34	28	39	31	55	17	16
chr3R	18572976	18574174	52	196	210	80	134	75	89	117	82	121	50	57
chr3R	18913738	18914122	76	204	234	43	72	59	56	139	44	144	17	56
chr3R	18917817	18918611	6	20	24	5	11	5	9	11	13	15	3	7
chr3R	18987319	18988395	87	252	271	68	109	72	76	127	74	140	43	81
chr3R	18988883	18990368	37	109	118	24	38	32	35	65	35	59	12	16
chr3R	19001727	19002106	7	43	47	12	37	29	24	15	16	23	11	18
chr3R	19063937	19064461	53	178	161	47	81	67	70	100	85	105	35	50
chr3R	19179919	19181181	50	143	152	55	111	55	74	95	82	80	38	33
chr3R	19312872	19313129	9	30	29	13	17	14	18	20	21	11	5	7
chr3R	19322210	19322587	21	69	51	31	33	31	38	26	30	32	19	12
chr3R	19326067	19326758	83	367	342	236	323	244	258	174	260	178	102	80
chr3R	19355725	19356118	33	93	118	35	67	38	41	53	58	67	21	34
chr3R	19462831	19463669	39	132	136	65	94	58	78	79	73	72	29	36
chr3R	19568584	19569305	71	204	231	70	93	67	91	131	93	147	42	59
chr3R	20092364	20092597	15	27	25	18	26	15	17	15	17	12	10	8
chr3R	20542851	20544128	71	202	252	62	85	72	77	140	82	162	36	63
chr3R	20550885	20551430	7	23	26	6	11	13	7	14	4	9	6	3
chr3R	20565250	20566199	8	28	28	12	15	14	11	14	5	11	6	6
chr3R	20784186	20785616	164	549	532	246	319	221	327	363	301	369	124	134
chr3R	21060054	21061308	9	39	43	24	24	12	15	40	17	27	10	16
chr3R	21065614	21067048	110	430	473	183	258	154	162	210	192	246	95	124
chr3R	21348650	21349485	44	123	128	56	98	56	68	84	87	78	36	33
chr3R	21428118	21428422	4	16	23	11	14	14	13	9	14	14	3	8
chr3R	21658163	21658968	17	48	55	25	33	16	27	23	28	27	10	12
chr3R	21837380	21838006	45	160	169	113	201	145	137	89	161	97	79	26
chr3R	21928124	21928597	33	89	107	61	67	49	68	55	52	62	36	34
chr3R	21951277	21951886	35	106	96	37	77	48	45	60	62	69	23	24
chr3R	22193761	22196020	32	140	162	36	54	43	65	91	39	93	21	52
chr3R	22524283	22524743	4	19	41	13	30	23	23	30	23	20	8	7
chr3R	22534139	22535450	40	137	154	42	57	37	38	85	40	81	25	43
chr3R	23141892	23142475	60	189	214	47	76	57	78	124	54	107	27	51
chr3R	23292894	23293529	9	41	51	6	12	11	13	21	11	33	5	20
chr3R	23333170	23334913	39	120	108	38	57	48	57	81	48	77	13	30
chr3R	23346120	23347869	49	101	134	29	40	18	39	93	34	77	19	37
chr3R	23471840	23472605	44	118	109	38	54	33	49	70	40	74	11	28
chr3R	23666133	23666414	15	40	53	20	25	22	12	32	23	44	12	21
chr3R	23782723	23783583	18	96	85	27	58	41	60	58	51	48	25	19
chr3R	23869383	23870127	21	116	117	68	94	55	75	60	85	88	41	30
chr3R	23914113	23914736	25	121	128	62	84	54	65	67	59	82	23	29
chr3R	23940989	23941608	26	101	89	40	60	48	73	56	51	53	31	21
chr3R	24050528	24051237	8	26	27	7	12	8	5	12	13	18	5	7
chr3R	24144171	24145119	5	41	45	11	30	21	20	22	22	17	8	7
chr3R	24582066	24582936	20	86	93	20	30	28	35	46	31	42	11	16
chr3R	24629918	24631611	14	44	35	9	17	5	8	23	14	23	8	13
chr3R	24712243	24712697	20	82	81	37	50	36	31	44	39	56	20	21
chr3R	24767775	24768188	3	28	38	15	18	16	18	12	12	10	5	7
chr3R	25292646	25293227	33	143	145	74	95	57	90	79	82	94	44	34
chr3R	25461945	25463643	160	481	544	224	303	206	259	285	257	301	88	146
chr3R	25471942	25473145	49	179	175	55	84	63	94	89	83	111	40	35
chr3R	25514627	25514884	22	66	66	20	26	22	40	40	25	39	11	16
chr3R	25532855	25533241	19	72	90	52	74	41	52	49	61	37	17	19
chr3R	25555014	25556062	68	250	238	34	58	41	54	144	52	142	18	58
chr3R	25760272	25760633	33	132	161	107	137	92	101	91	85	104	42	46
chr3R	25880695	25881673	23	108	97	31	47	31	27	54	40	47	20	17
chr3R	25944006	25944318	14	51	66	36	54	35	25	26	25	32	12	21
chr3R	25997939	25998265	8	23	22	4	8	10	11	10	10	4	5	9
chr3R	26041621	26042901	16	45	58	22	24	19	24	25	35	28	19	15
chr3R	26043964	26044731	15	31	38	11	9	10	13	20	4	19	5	12
chr3R	26133811	26134112	25	87	89	36	45	45	44	64	39	58	17	30
chr3R	26521503	26523151	27	124	112	53	77	61	56	63	59	71	36	36
chr3R	26541419	26541673	8	39	43	16	28	14	25	23	18	25	9	7
chr3R	26795115	26795444	24	74	90	54	79	67	38	55	50	44	26	31
chr3R	26893878	26894973	60	179	187	74	92	58	92	113	98	106	46	58
chr3R	27130683	27130903	9	33	64	12	27	21	19	29	27	21	10	8
chr3R	27137693	27137972	5	7	21	12	9	4	3	6	10	10	2	2
chr3R	27152696	27153278	21	53	48	23	25	17	17	18	23	22	10	17
chr3R	27185801	27186571	123	406	485	128	191	136	173	270	171	255	82	102
chr3R	27189403	27189725	12	53	49	21	41	33	40	25	31	34	16	12
chr3R	27193670	27194878	107	441	421	104	178	111	117	259	136	299	50	118
chr3R	27217301	27219295	68	263	267	101	151	97	111	124	107	133	61	58
chr3R	27220699	27221110	12	34	41	6	16	8	11	22	10	20	3	4
chr3R	27252971	27253520	48	192	189	77	96	63	67	79	81	97	53	62
chr3R	27736146	27736668	58	173	147	115	178	110	137	86	130	113	58	44
chr3R	28325466	28327213	115	391	349	112	179	129	137	208	154	220	46	76
chr3R	28540355	28540798	59	189	191	52	80	44	50	122	67	111	29	58
chr3R	28675173	28676191	11	47	61	15	32	23	27	30	28	30	10	17
chr3R	28684587	28684948	5	15	23	12	22	6	14	9	12	6	6	3
chr3R	29615923	29616859	2	22	23	11	15	8	10	12	9	17	12	3
chr3R	29690987	29691485	2	24	35	10	17	16	17	14	17	14	5	6
chr3R	29839873	29842206	233	665	707	293	439	280	461	441	470	491	178	211
chr3R	29867609	29867922	12	41	51	20	38	23	18	25	24	33	14	9
chr3R	29983293	29984323	76	188	220	96	170	118	126	143	146	118	72	62
chr3R	30059832	30060276	12	54	58	18	31	21	31	23	23	32	9	10
chr3R	30061134	30061740	58	258	257	40	85	42	40	150	59	162	20	67
chr3R	30095369	30096580	31	101	131	9	7	6	12	69	10	56	5	37
chr3R	30383359	30383604	29	66	81	31	48	35	39	49	44	45	21	26
chr3R	30386794	30387287	60	219	253	47	84	64	55	114	57	105	34	57
chr3R	30469244	30469768	12	31	33	71	87	41	45	24	47	19	19	10
chr3R	30766969	30767468	11	29	22	4	8	2	8	17	4	16	1	9
chr3R	30809523	30810432	38	101	106	32	67	49	52	69	53	75	30	30
chr3R	30869176	30869609	2	29	28	5	8	5	4	17	4	13	3	7
chr3R	31067894	31068686	52	123	134	40	39	34	34	77	41	97	17	43
chr3R	31409748	31410069	21	99	83	20	38	23	24	49	26	51	11	24
chr3R	31504976	31505628	9	43	44	18	23	13	17	20	21	13	11	8
chr3R	31610340	31611377	77	211	276	89	131	93	112	148	112	133	52	91
chr3R	31679491	31680152	31	62	86	23	40	15	32	30	21	44	14	25
chr3R	31682302	31682707	21	85	104	26	45	34	39	47	34	41	15	24
chr3R	31712825	31713682	11	46	32	19	27	10	14	15	16	21	10	14
chr3R	31768076	31768539	25	83	70	46	75	47	39	47	49	36	22	23
chr3R	31935493	31936773	11	68	64	29	45	22	39	24	24	44	16	19
chr3R	31943699	31944091	15	57	60	38	43	29	51	53	46	39	24	21
chr3R	31944256	31945761	11	37	41	15	22	11	12	25	18	32	10	10
chr3R	31977433	31978156	19	49	63	27	39	34	33	27	33	32	17	14
chr4	61140	61655	8	21	24	9	7	7	10	6	2	9	8	5
chr4	832990	833288	13	56	56	24	34	26	27	29	22	26	10	13
chrX	4412382	4413222	26	77	85	47	52	37	37	59	45	44	31	20
chrX	4636216	4636652	30	142	158	77	110	80	74	80	79	79	36	45
chrX	4929965	4930609	20	114	117	57	95	61	67	82	67	77	29	26
chrX	4940744	4941254	21	90	90	82	103	55	71	46	71	61	35	17
chrX	5005350	5005633	8	52	49	19	35	18	28	27	21	26	7	13
chrX	5045966	5048204	221	858	911	403	509	352	405	431	324	453	158	166
chrX	5053691	5054403	24	93	107	29	52	38	56	59	43	74	15	28
chrX	5057037	5057232	9	43	50	15	32	14	28	25	19	25	8	18
chrX	5084759	5085754	68	291	318	171	251	140	176	177	168	179	97	83
chrX	5199707	5200109	8	29	31	31	72	35	28	24	30	30	16	9
chrX	5608398	5608713	49	164	174	69	104	68	84	99	76	118	52	46
chrX	5689613	5689980	28	130	134	52	63	34	37	54	52	51	32	39
chrX	5769122	5769555	12	55	61	24	41	30	27	23	23	25	10	16
chrX	5819805	5820618	68	228	203	90	143	96	100	152	92	145	52	69
chrX	5915750	5916419	71	249	267	113	159	99	107	149	119	146	64	80
chrX	5916678	5917411	90	400	387	104	173	120	86	175	98	182	57	94
chrX	6305356	6306186	65	159	203	92	140	86	106	105	125	105	45	67
chrX	6744370	6746158	77	285	323	144	219	152	219	184	215	185	89	90
chrX	6746336	6747547	77	362	393	141	218	135	163	207	141	223	67	81
chrX	6861332	6862063	17	40	50	25	36	26	21	29	17	28	10	11
chrX	6979508	6979910	27	75	79	79	86	74	72	57	74	53	36	32
chrX	6984751	6986267	80	344	402	169	267	181	175	160	175	184	99	85
chrX	6997401	6998705	158	594	571	228	324	243	261	293	287	327	101	122
chrX	7000118	7000712	11	48	41	17	17	17	18	24	20	26	7	6
chrX	7004158	7005084	39	90	126	54	88	69	64	70	83	73	41	34
chrX	7008060	7009322	141	438	486	167	274	193	217	245	260	287	88	117
chrX	7066143	7066745	52	217	208	65	122	74	88	99	97	97	45	45
chrX	7110012	7110429	32	149	143	64	99	60	69	79	79	86	33	42
chrX	7159507	7159770	10	34	40	32	42	18	19	29	25	20	12	11
chrX	7204679	7205326	29	99	121	41	64	33	45	49	32	47	24	29
chrX	7299676	7302143	520	1739	1974	699	972	648	790	1229	821	1170	329	440
chrX	7306647	7308013	89	292	308	137	194	128	155	178	171	171	63	79
chrX	7324170	7324654	64	227	234	150	159	117	160	154	146	150	78	52
chrX	7336565	7339216	204	692	765	358	476	322	406	427	408	477	193	199
chrX	7377800	7378035	6	27	30	15	38	16	13	19	24	16	7	12
chrX	7445091	7446087	85	240	261	119	221	131	113	184	116	171	64	121
chrX	7448506	7449342	26	92	98	74	123	81	78	51	78	65	36	42
chrX	7605482	7606541	61	222	231	88	148	96	104	151	117	133	45	69
chrX	7612017	7612358	16	52	64	29	61	32	28	25	28	34	22	16
chrX	7969355	7969817	24	124	122	52	88	61	52	71	62	79	36	37
chrX	8194578	8195063	29	75	62	50	90	57	67	47	60	46	18	21
chrX	8252288	8253578	76	273	291	90	172	94	133	161	128	201	86	82
chrX	8398557	8399201	46	127	126	58	77	49	65	52	59	75	39	34
chrX	8437500	8438103	37	138	128	68	123	83	94	81	86	74	35	25
chrX	8490801	8492159	92	342	390	255	319	203	231	231	226	212	111	98
chrX	8517022	8517857	57	120	139	50	86	58	83	85	69	85	34	46
chrX	8518198	8518812	35	121	117	71	82	54	82	72	61	77	20	41
chrX	8681198	8681912	22	88	100	42	65	35	43	50	50	47	17	28
chrX	8838001	8838694	112	417	504	193	235	151	213	317	245	341	80	152
chrX	8863648	8864172	40	161	165	63	103	71	89	89	89	95	34	45
chrX	8889152	8889528	12	50	58	35	63	31	49	43	48	30	18	15
chrX	8889807	8890141	5	52	54	17	31	21	26	20	26	28	16	16
chrX	8895135	8896428	23	84	74	110	152	91	99	46	109	46	43	18
chrX	8916284	8916699	12	39	54	37	46	35	38	27	30	38	13	9
chrX	9192154	9193957	192	611	651	342	520	301	325	322	390	338	226	215
chrX	9490241	9490515	10	30	30	23	42	22	22	21	17	24	15	9
chrX	9497925	9498092	7	25	26	16	37	14	23	19	17	22	13	13
chrX	9503522	9503841	25	46	74	29	48	41	30	42	40	48	14	14
chrX	9580321	9581187	16	64	73	25	24	22	24	38	24	45	11	25
chrX	9581741	9582394	68	268	263	103	156	101	137	163	115	165	48	65
chrX	9599306	9600849	194	616	667	264	398	237	347	413	337	389	160	204
chrX	9884234	9884864	23	89	92	9	23	14	17	46	5	36	5	20
chrX	9886280	9886542	7	28	30	1	3	2	1	14	1	16	0	8
chrX	9970956	9971343	12	66	60	20	26	20	17	34	14	23	6	21
chrX	10016410	10016904	81	244	240	96	132	86	94	115	81	151	42	61
chrX	10017831	10018292	20	85	66	33	48	37	28	52	40	43	14	32
chrX	10025252	10025580	18	92	88	40	58	29	39	65	40	53	18	27
chrX	10116359	10116776	34	120	119	53	83	60	68	78	74	78	40	29
chrX	10260286	10260495	15	41	37	33	35	26	29	18	19	20	17	8
chrX	10539186	10539423	15	49	62	12	12	13	11	27	16	33	4	10
chrX	10740308	10740534	19	56	85	32	51	42	33	36	44	33	19	25
chrX	10742016	10742580	30	101	139	43	69	61	47	38	55	59	18	39
chrX	10785329	10786244	56	187	194	138	226	149	131	104	140	110	87	51
chrX	10789046	10789294	7	39	49	18	30	18	18	21	23	18	10	10
chrX	10932560	10933164	64	203	176	137	177	120	129	130	144	144	62	65
chrX	10936938	10937166	9	38	43	17	30	14	13	18	15	25	12	10
chrX	10940666	10940908	52	120	163	55	117	77	72	77	70	85	42	43
chrX	11485123	11485481	7	23	21	10	19	9	14	12	15	12	5	5
chrX	11622473	11623429	74	307	319	152	182	123	141	173	165	177	65	77
chrX	11684636	11685970	102	385	416	168	277	160	185	227	220	227	101	106
chrX	11716348	11716904	8	41	39	12	29	11	19	16	25	20	4	11
chrX	11804830	11806034	84	330	343	130	187	116	147	196	157	170	85	95
chrX	11913653	11914437	30	121	130	57	83	59	77	60	75	74	21	24
chrX	11914827	11915801	63	272	266	116	153	86	128	168	131	162	47	57
chrX	11917146	11917515	21	79	79	39	40	35	40	40	41	35	12	17
chrX	11918388	11918821	45	99	125	58	65	42	53	69	58	73	36	42
chrX	12003883	12004376	66	248	277	104	151	97	125	133	108	147	48	76
chrX	12225914	12227284	44	139	139	66	73	45	60	109	56	94	22	35
chrX	12474700	12475363	21	46	47	39	31	21	13	24	20	25	17	20
chrX	12499245	12500143	40	120	129	58	58	30	41	66	31	66	26	46
chrX	12574627	12576031	19	63	64	26	36	25	39	37	25	33	15	13
chrX	12667055	12667387	8	29	27	15	18	9	10	17	18	14	7	14
chrX	12676535	12676706	17	49	57	56	52	41	47	30	41	26	27	16
chrX	12747784	12748386	106	315	296	233	292	190	211	181	230	185	108	67
chrX	12750703	12752311	178	546	563	322	426	274	342	314	350	318	154	151
chrX	12754866	12755628	44	123	134	26	36	22	31	65	24	73	19	30
chrX	12891557	12892385	12	39	51	17	27	16	19	30	27	32	12	12
chrX	13137412	13138494	73	281	286	141	186	122	148	157	144	158	74	86
chrX	13251352	13252024	39	152	195	52	88	44	59	97	54	82	32	38
chrX	13332324	13332683	45	136	157	112	152	67	90	80	125	88	40	37
chrX	13375458	13375810	20	64	71	13	24	9	16	37	11	43	4	20
chrX	13396066	13396508	59	238	252	121	147	131	132	168	106	165	52	76
chrX	13625509	13625711	54	182	165	91	143	100	120	112	117	136	57	44
chrX	13641741	13642390	61	132	139	75	123	80	69	102	77	69	36	39
chrX	13754444	13754873	16	73	62	24	48	32	30	31	40	21	16	17
chrX	13828016	13828318	24	74	84	42	68	21	31	31	40	29	20	21
chrX	13890008	13891538	123	432	489	171	264	175	240	283	224	297	108	115
chrX	13980557	13980995	26	91	76	32	52	42	38	49	31	40	14	27
chrX	13984971	13985216	9	25	29	13	33	22	26	20	20	30	10	17
chrX	14116535	14116835	26	110	106	43	84	50	58	58	62	69	34	31
chrX	14122905	14123622	31	161	149	36	57	44	47	93	50	95	18	39
chrX	14163943	14164163	4	19	26	9	15	12	18	17	11	21	7	4
chrX	14211643	14212571	25	119	98	22	39	28	35	49	23	56	13	27
chrX	14310523	14310843	1	32	24	26	38	19	12	10	23	13	8	16
chrX	14763964	14764207	25	72	65	10	23	12	9	60	15	58	8	21
chrX	14871023	14871493	16	80	97	35	41	24	34	70	42	55	25	19
chrX	14896740	14897024	4	15	23	7	21	13	11	11	12	11	5	6
chrX	14897932	14898383	20	87	83	60	71	53	41	41	44	62	18	30
chrX	14902184	14902380	37	80	88	44	59	41	38	43	44	59	30	21
chrX	14952282	14953722	202	780	805	316	463	307	326	438	377	498	150	205
chrX	15021023	15021576	33	86	109	58	110	74	86	66	92	60	34	31
chrX	15117133	15117463	3	21	35	15	26	23	14	20	15	17	9	9
chrX	15170755	15170952	10	37	27	20	40	24	23	19	25	22	13	7
chrX	15217008	15217412	17	40	52	33	67	47	20	25	39	23	17	18
chrX	15320054	15320306	2	13	13	15	30	30	27	6	16	8	5	4
chrX	15465145	15465855	79	243	258	54	137	85	122	138	110	134	46	72
chrX	15579681	15579888	18	53	48	28	39	25	29	29	39	32	22	21
chrX	15886886	15887741	25	59	72	26	36	13	26	47	41	51	20	22
chrX	16325400	16326025	77	271	255	71	114	74	77	121	87	119	39	77
chrX	16334085	16334779	19	45	52	34	42	30	30	37	35	26	10	7
chrX	16750801	16751950	141	541	567	298	407	265	353	364	352	379	133	156
chrX	16830544	16831043	28	89	97	54	92	62	89	55	73	62	30	27
chrX	16930323	16930975	72	249	279	170	206	130	163	154	142	154	70	54
chrX	17107217	17108192	32	169	178	61	92	70	72	119	103	113	38	52
chrX	17229272	17230180	70	293	295	93	131	98	100	143	97	129	46	74
chrX	17283722	17284129	42	117	102	48	61	41	56	71	31	65	32	40
chrX	17293853	17294226	15	35	42	21	30	17	17	19	16	18	16	10
chrX	17299499	17300734	60	184	189	66	92	50	64	121	72	103	41	43
chrX	17313387	17313881	20	99	90	55	66	42	56	67	52	63	24	29
chrX	17314152	17314775	61	183	229	80	120	76	112	115	134	141	39	69
chrX	17510371	17511253	82	288	325	143	187	110	145	176	139	147	51	83
chrX	17596350	17596613	21	36	48	26	37	19	26	25	18	30	18	14
chrX	17658516	17659009	11	50	44	24	26	22	20	31	26	27	9	8
chrX	17742504	17743433	43	197	188	92	124	91	93	93	76	114	53	56
chrX	17745586	17745838	10	40	37	7	7	3	2	19	10	32	6	10
chrX	17745984	17746675	33	151	149	43	100	74	71	104	72	68	40	34
chrX	17802016	17802483	41	141	128	66	98	68	54	103	75	93	24	44
chrX	17802747	17803151	44	181	145	46	67	47	58	91	58	88	24	51
chrX	17833419	17834797	130	431	428	223	312	207	260	240	267	244	102	115
chrX	17856646	17857004	12	51	47	18	34	19	22	28	21	35	20	10
chrX	17878514	17879642	45	145	151	73	77	54	79	96	77	76	29	29
chrX	17906122	17906475	15	29	45	34	25	23	18	19	24	27	13	13
chrX	17912660	17912901	19	65	75	26	39	24	26	31	43	49	14	15
chrX	18015628	18015936	8	34	36	33	37	26	16	19	19	23	9	7
chrX	18312459	18313097	38	180	158	94	130	110	101	88	82	107	38	59
chrX	18409466	18410095	14	59	55	41	55	24	33	44	27	33	22	16
chrX	18483709	18484050	78	306	299	130	219	140	190	212	201	199	76	84
chrX	18537268	18538954	208	739	717	458	635	400	451	396	479	433	191	161
chrX	18539152	18540876	100	366	380	141	208	141	167	202	170	216	59	82
chrX	18541233	18541576	36	85	99	39	62	28	52	52	44	30	21	21
chrX	18646841	18647480	24	89	109	50	68	47	68	75	76	76	25	29
chrX	18863462	18864493	65	219	206	71	117	96	125	120	126	110	77	60
chrX	18927562	18929176	92	376	401	127	202	134	149	218	158	259	81	111
chrX	18929336	18930544	174	725	766	248	345	233	326	411	349	430	124	178
chrX	18975923	18976284	26	101	87	37	63	38	59	49	52	63	18	25
chrX	19145333	19145609	10	43	53	20	41	23	18	24	28	21	7	7
chrX	19155826	19156324	62	243	276	65	89	64	75	159	73	148	42	78
chrX	19229554	19230036	40	115	115	16	34	19	20	54	24	61	8	35
chrX	19290168	19290488	18	96	112	44	63	51	31	61	45	45	28	27
chrX	19318200	19318648	41	124	123	50	72	43	65	71	58	73	35	50
chrX	19325884	19326412	41	124	138	62	91	55	81	93	73	92	29	38
chrX	19352991	19354538	84	309	300	108	160	104	130	197	129	190	61	86
chrX	19358739	19360234	52	200	195	92	133	95	104	133	108	125	34	50
chrX	19361379	19361730	14	54	39	39	46	34	43	36	46	42	21	22
chrX	19637428	19638516	16	70	68	32	34	32	33	37	38	28	14	17
chrX	19662630	19664133	63	249	240	100	156	108	119	110	126	109	48	66
chrX	19774151	19774491	76	263	249	137	187	133	140	153	163	188	67	49
chrX	20239396	20241305	99	419	395	160	270	149	197	204	178	228	104	83
chrX	20500629	20501674	67	246	229	140	218	151	165	123	135	125	69	57
chrX	20642448	20642853	13	38	42	25	44	19	18	30	11	29	8	14
chrX	20954551	20954800	5	29	30	34	61	37	21	20	18	15	16	14
chrX	21043105	21045220	193	798	920	110	159	103	122	411	142	474	70	230
chrX	21281148	21281690	71	171	186	98	149	106	111	138	119	125	34	55
chrX	21378467	21379080	108	385	412	139	161	120	134	276	166	273	58	105
chrX	22481858	22482578	40	126	141	119	163	117	117	78	98	79	64	51
chrX	22633894	22635063	41	155	169	73	112	66	59	76	86	92	18	51
chrX	22855194	22855758	22	123	102	66	81	47	50	71	51	54	21	35
